xof 0303txt 0032
template Frame {
 <3d82ab46-62da-11cf-ab39-0020af71e433>
 [...]
}

template Matrix4x4 {
 <f6f23f45-7686-11cf-8f52-0040333594a3>
 array FLOAT matrix[16];
}

template FrameTransformMatrix {
 <f6f23f41-7686-11cf-8f52-0040333594a3>
 Matrix4x4 frameMatrix;
}

template ObjectMatrixComment {
 <95a48e28-7ef4-4419-a16a-ba9dbdf0d2bc>
 Matrix4x4 objectMatrix;
}

template Vector {
 <3d82ab5e-62da-11cf-ab39-0020af71e433>
 FLOAT x;
 FLOAT y;
 FLOAT z;
}

template MeshFace {
 <3d82ab5f-62da-11cf-ab39-0020af71e433>
 DWORD nFaceVertexIndices;
 array DWORD faceVertexIndices[nFaceVertexIndices];
}

template Mesh {
 <3d82ab44-62da-11cf-ab39-0020af71e433>
 DWORD nVertices;
 array Vector vertices[nVertices];
 DWORD nFaces;
 array MeshFace faces[nFaces];
 [...]
}

template MeshNormals {
 <f6f23f43-7686-11cf-8f52-0040333594a3>
 DWORD nNormals;
 array Vector normals[nNormals];
 DWORD nFaceNormals;
 array MeshFace faceNormals[nFaceNormals];
}

template Coords2d {
 <f6f23f44-7686-11cf-8f52-0040333594a3>
 FLOAT u;
 FLOAT v;
}

template MeshTextureCoords {
 <f6f23f40-7686-11cf-8f52-0040333594a3>
 DWORD nTextureCoords;
 array Coords2d textureCoords[nTextureCoords];
}

template ColorRGBA {
 <35ff44e0-6c7c-11cf-8f52-0040333594a3>
 FLOAT red;
 FLOAT green;
 FLOAT blue;
 FLOAT alpha;
}

template ColorRGB {
 <d3e16e81-7835-11cf-8f52-0040333594a3>
 FLOAT red;
 FLOAT green;
 FLOAT blue;
}

template Material {
 <3d82ab4d-62da-11cf-ab39-0020af71e433>
 ColorRGBA faceColor;
 FLOAT power;
 ColorRGB specularColor;
 ColorRGB emissiveColor;
 [...]
}

template MeshMaterialList {
 <f6f23f42-7686-11cf-8f52-0040333594a3>
 DWORD nMaterials;
 DWORD nFaceIndexes;
 array DWORD faceIndexes[nFaceIndexes];
 [Material <3d82ab4d-62da-11cf-ab39-0020af71e433>]
}

template TextureFilename {
 <a42790e1-7810-11cf-8f52-0040333594a3>
 STRING filename;
}

template AnimTicksPerSecond {
 <9e415a43-7ba6-4a73-8743-b73d47e88476>
 DWORD AnimTicksPerSecond;
}

template Animation {
 <3d82ab4f-62da-11cf-ab39-0020af71e433>
 [...]
}

template AnimationSet {
 <3d82ab50-62da-11cf-ab39-0020af71e433>
 [Animation <3d82ab4f-62da-11cf-ab39-0020af71e433>]
}

template FloatKeys {
 <10dd46a9-775b-11cf-8f52-0040333594a3>
 DWORD nValues;
 array FLOAT values[nValues];
}

template TimedFloatKeys {
 <f406b180-7b3b-11cf-8f52-0040333594a3>
 DWORD time;
 FloatKeys tfkeys;
}

template AnimationKey {
 <10dd46a8-775b-11cf-8f52-0040333594a3>
 DWORD keyType;
 DWORD nKeys;
 array TimedFloatKeys keys[nKeys];
}


Frame Character1_Reference {
 

 FrameTransformMatrix relative {
  1.000000,0.000000,0.000000,0.000000,0.000000,1.000000,0.000000,0.000000,0.000000,0.000000,1.000000,0.000000,0.000000,0.000000,0.000000,1.000000;;
 }

 ObjectMatrixComment object {
  1.000000,0.000000,0.000000,0.000000,0.000000,1.000000,0.000000,0.000000,0.000000,0.000000,1.000000,0.000000,0.000000,0.000000,0.000000,1.000000;;
 }

 Frame Character1_Hips {
  

  FrameTransformMatrix relative {
   0.001756,0.985580,0.169199,0.000000,0.034301,-0.169159,0.984991,0.000000,0.999410,0.004074,-0.034103,0.000000,-0.004404,0.828647,-0.006912,1.000000;;
  }

  ObjectMatrixComment object {
   1.000000,0.000000,0.000000,0.000000,-0.000000,1.000000,0.000000,0.000000,0.000000,-0.000000,1.000000,0.000000,0.000000,-0.000000,0.000000,1.000000;;
  }

  Frame Character1_LeftUpLeg {
   

   FrameTransformMatrix relative {
    -0.813158,0.568459,-0.125015,0.000000,0.582041,0.793649,-0.177061,0.000000,-0.001434,-0.216742,-0.976228,0.000000,-0.060319,0.002079,0.072983,1.000000;;
   }

   ObjectMatrixComment object {
    1.000000,-0.000000,-0.000000,0.000000,0.000000,1.000000,-0.000000,0.000000,-0.000000,0.000000,1.000000,0.000000,0.000000,0.000000,0.000000,1.000000;;
   }

   Frame Character1_LeftLeg {
    

    FrameTransformMatrix relative {
     0.377452,-0.925713,0.024189,0.000000,0.921351,0.372795,-0.110160,0.000000,0.092958,0.063867,0.993619,0.000000,0.351799,-0.008005,0.005145,1.000000;;
    }

    ObjectMatrixComment object {
     1.000000,-0.000000,-0.000000,0.000000,-0.000000,1.000000,-0.000000,0.000000,0.000000,-0.000000,1.000000,0.000000,-0.000000,0.000000,-0.000000,1.000000;;
    }

    Frame Character1_LeftFoot {
     

     FrameTransformMatrix relative {
      0.834589,0.549888,0.032923,0.000000,-0.549545,0.835236,-0.019512,0.000000,-0.038228,-0.001808,0.999268,0.000000,0.378667,0.003830,-0.003778,1.000000;;
     }

     ObjectMatrixComment object {
      1.000000,0.000000,0.000000,0.000000,-0.000000,1.000000,0.000000,0.000000,0.000000,0.000000,1.000000,0.000000,0.000000,0.000000,-0.000000,1.000000;;
     }

     Frame Character1_LeftToeBase {
      

      FrameTransformMatrix relative {
       0.461453,0.887165,-0.000107,0.000000,-0.885794,0.460733,-0.055624,0.000000,-0.049298,0.025763,0.998452,0.000000,0.084294,0.047711,-0.003922,1.000000;;
      }

      ObjectMatrixComment object {
       1.000000,0.000000,-0.000000,0.000000,0.000000,1.000000,-0.000000,0.000000,-0.000000,-0.000000,1.000000,0.000000,0.000000,0.000000,-0.000000,1.000000;;
      }
     }
    }
   }
  }

  Frame Character1_RightUpLeg {
   

   FrameTransformMatrix relative {
    -0.887205,0.459745,0.038750,0.000000,0.458630,0.887959,-0.034458,0.000000,-0.050251,-0.012800,-0.998654,0.000000,-0.060836,0.002079,-0.072553,1.000000;;
   }

   ObjectMatrixComment object {
    1.000000,0.000000,0.000000,0.000000,0.000000,1.000000,-0.000000,0.000000,0.000000,0.000000,1.000000,0.000000,0.000000,-0.000000,-0.000000,1.000000;;
   }

   Frame Character1_RightLeg {
    

    FrameTransformMatrix relative {
     0.776072,-0.630632,-0.003909,0.000000,0.627248,0.772521,-0.098848,0.000000,0.065356,0.074261,0.995095,0.000000,0.351364,-0.008004,-0.018233,1.000000;;
    }

    ObjectMatrixComment object {
     1.000000,0.000000,0.000000,0.000000,0.000000,1.000000,0.000000,0.000000,0.000000,0.000000,1.000000,0.000000,0.000000,-0.000000,-0.000000,1.000000;;
    }

    Frame Character1_RightFoot {
     

     FrameTransformMatrix relative {
      0.658102,0.749068,0.076151,0.000000,-0.747713,0.662076,-0.050798,0.000000,-0.088468,-0.023509,0.995801,0.000000,0.378545,0.003827,-0.010314,1.000000;;
     }

     ObjectMatrixComment object {
      1.000000,0.000000,-0.000000,0.000000,0.000000,1.000000,-0.000000,0.000000,0.000000,-0.000000,1.000000,0.000000,0.000000,0.000000,-0.000000,1.000000;;
     }

     Frame Character1_RightToeBase {
      

      FrameTransformMatrix relative {
       0.461450,0.887166,-0.000119,0.000000,-0.887166,0.461450,0.000000,0.000000,0.000055,0.000106,1.000000,0.000000,0.084391,0.047658,0.002024,1.000000;;
      }

      ObjectMatrixComment object {
       1.000000,0.000000,0.000000,0.000000,0.000000,1.000000,-0.000000,0.000000,0.000000,0.000000,1.000000,0.000000,0.000000,0.000000,0.000000,1.000000;;
      }
     }
    }
   }
  }

  Frame Character1_Spine {
   

   FrameTransformMatrix relative {
    0.999807,0.019550,0.002056,0.000000,-0.019609,0.999229,0.034007,0.000000,-0.001390,-0.034040,0.999420,0.000000,0.022713,0.008181,-0.000081,1.000000;;
   }

   ObjectMatrixComment object {
    1.000000,0.000000,-0.000000,0.000000,0.000000,1.000000,0.000000,0.000000,0.000000,0.000000,1.000000,0.000000,0.000000,0.000000,-0.000000,1.000000;;
   }

   Frame Character1_Spine1 {
    

    FrameTransformMatrix relative {
     0.995608,0.093378,-0.006852,0.000000,-0.093517,0.995327,-0.024057,0.000000,0.004574,0.024592,0.999687,0.000000,0.091344,0.001755,-0.000000,1.000000;;
    }

    ObjectMatrixComment object {
     1.000000,0.000000,-0.000000,0.000000,0.000000,1.000000,0.000000,0.000000,0.000000,0.000000,1.000000,0.000000,-0.000000,0.000000,0.000000,1.000000;;
    }

    Frame Character1_Spine2 {
     

     FrameTransformMatrix relative {
      0.999942,-0.010521,0.001964,0.000000,0.010616,0.998307,-0.057179,0.000000,-0.001360,0.057197,0.998362,0.000000,0.087667,-0.000304,-0.000000,1.000000;;
     }

     ObjectMatrixComment object {
      1.000000,0.000000,0.000000,0.000000,0.000000,1.000000,-0.000000,0.000000,0.000000,-0.000000,1.000000,0.000000,-0.000000,-0.000000,0.000000,1.000000;;
     }

     Frame Character1_LeftShoulder {
      

      FrameTransformMatrix relative {
       -0.002890,-0.145934,0.989290,0.000000,-0.313267,0.939630,0.137694,0.000000,-0.949661,-0.309514,-0.048432,0.000000,0.122367,-0.001395,0.042227,1.000000;;
      }

      ObjectMatrixComment object {
       1.000000,0.000000,0.000000,0.000000,0.000000,1.000000,-0.000000,0.000000,0.000000,0.000000,1.000000,0.000000,-0.000000,0.000000,0.000000,1.000000;;
      }

      Frame Character1_LeftArm {
       

       FrameTransformMatrix relative {
        0.415159,-0.059884,0.907775,0.000000,-0.242167,0.954555,0.173722,0.000000,-0.876925,-0.291955,0.381791,0.000000,0.055437,-0.000000,0.000001,1.000000;;
       }

       ObjectMatrixComment object {
        1.000000,-0.000000,0.000000,0.000000,-0.000000,1.000000,-0.000000,0.000000,-0.000000,-0.000000,1.000000,0.000000,0.000000,0.000000,0.000000,1.000000;;
       }

       Frame Character1_LeftForeArm {
        

        FrameTransformMatrix relative {
         -0.183191,0.968149,-0.170673,0.000000,-0.966679,-0.208978,-0.147854,0.000000,-0.178812,0.137900,0.974171,0.000000,0.233778,0.000009,0.000006,1.000000;;
        }

        ObjectMatrixComment object {
         1.000000,0.000000,0.000000,0.000000,0.000000,1.000000,-0.000000,0.000000,0.000000,0.000000,1.000000,0.000000,0.000000,-0.000000,-0.000000,1.000000;;
        }

        Frame Character1_LeftHand {
         

         FrameTransformMatrix relative {
          0.982555,0.118401,0.143411,0.000000,-0.132214,0.987041,0.090940,0.000000,-0.130786,-0.108315,0.985476,0.000000,0.162482,-0.000000,0.000000,1.000000;;
         }

         ObjectMatrixComment object {
          1.000000,0.000000,0.000000,0.000000,0.000000,1.000000,0.000000,0.000000,-0.000000,0.000000,1.000000,0.000000,0.000000,-0.000000,0.000000,1.000000;;
         }

         Frame Character1_LeftHandThumb1 {
          

          FrameTransformMatrix relative {
           0.786710,0.524911,0.324893,0.000000,-0.019806,-0.504561,0.863149,0.000000,0.617005,-0.685483,-0.386547,0.000000,0.024761,0.018266,0.014236,1.000000;;
          }

          ObjectMatrixComment object {
           1.000000,0.000000,0.000000,0.000000,0.000000,1.000000,0.000000,0.000000,-0.000000,0.000000,1.000000,0.000000,-0.000000,0.000000,0.000000,1.000000;;
          }

          Frame Character1_LeftHandThumb2 {
           

           FrameTransformMatrix relative {
            0.930100,0.178811,0.320844,0.000000,-0.178306,0.983480,-0.031213,0.000000,-0.321125,-0.028177,0.946618,0.000000,0.032145,0.001986,0.001523,1.000000;;
           }

           ObjectMatrixComment object {
            1.000000,-0.000000,0.000000,0.000000,0.000000,1.000000,0.000000,0.000000,0.000000,0.000000,1.000000,0.000000,0.000000,0.000000,-0.000000,1.000000;;
           }

           Frame Character1_LeftHandThumb3 {
            

            FrameTransformMatrix relative {
             0.905096,0.030635,0.424101,0.000000,-0.017056,0.999214,-0.035778,0.000000,-0.424864,0.025148,0.904908,0.000000,0.017566,-0.001003,0.000085,1.000000;;
            }

            ObjectMatrixComment object {
             1.000000,0.000000,0.000000,0.000000,0.000000,1.000000,0.000000,0.000000,0.000000,-0.000000,1.000000,0.000000,-0.000000,-0.000000,0.000000,1.000000;;
            }

            Frame Character1_LeftHandThumb4 {
             

             FrameTransformMatrix relative {
              0.998406,-0.052808,-0.019930,0.000000,0.051719,0.997324,-0.051670,0.000000,0.022606,0.050557,0.998465,0.000000,0.026304,-0.001144,-0.000571,1.000000;;
             }

             ObjectMatrixComment object {
              1.000000,0.000000,-0.000000,0.000000,0.000000,1.000000,-0.000000,0.000000,0.000000,0.000000,1.000000,0.000000,-0.000000,-0.000000,0.000000,1.000000;;
             }
            }
           }
          }
         }

         Frame Character1_LeftHandIndex1 {
          

          FrameTransformMatrix relative {
           0.910882,-0.378994,0.163268,0.000000,0.294615,0.874281,0.385790,0.000000,-0.288954,-0.303309,0.908025,0.000000,0.080750,0.025713,-0.001428,1.000000;;
          }

          ObjectMatrixComment object {
           1.000000,0.000000,0.000000,0.000000,0.000000,1.000000,-0.000000,0.000000,-0.000000,0.000000,1.000000,0.000000,0.000000,-0.000000,0.000000,1.000000;;
          }

          Frame Character1_LeftHandIndex2 {
           

           FrameTransformMatrix relative {
            0.685194,-0.004509,0.728346,0.000000,-0.006084,0.999910,0.011914,0.000000,-0.728335,-0.012595,0.685106,0.000000,0.024260,0.002507,-0.001187,1.000000;;
           }

           ObjectMatrixComment object {
            1.000000,0.000000,0.000000,0.000000,0.000000,1.000000,0.000000,0.000000,-0.000000,0.000000,1.000000,0.000000,0.000000,0.000000,-0.000000,1.000000;;
           }

           Frame Character1_LeftHandIndex3 {
            

            FrameTransformMatrix relative {
             0.418453,-0.088452,0.903922,0.000000,0.023733,0.995971,0.086473,0.000000,-0.907929,-0.014732,0.418866,0.000000,0.016097,0.000118,-0.000458,1.000000;;
            }

            ObjectMatrixComment object {
             1.000000,0.000000,0.000000,0.000000,0.000000,1.000000,0.000000,0.000000,0.000000,0.000000,1.000000,0.000000,0.000000,-0.000000,0.000000,1.000000;;
            }

            Frame Character1_LeftHandIndex4 {
             

             FrameTransformMatrix relative {
              0.997696,-0.067842,0.000566,0.000000,-0.001105,-0.024593,-0.999696,0.000000,0.067835,0.997392,-0.024611,0.000000,0.021250,0.001007,0.001637,1.000000;;
             }

             ObjectMatrixComment object {
              1.000000,0.000000,0.000000,0.000000,0.000000,1.000000,-0.000000,0.000000,-0.000000,0.000000,1.000000,0.000000,-0.000000,-0.000000,0.000000,1.000000;;
             }
            }
           }
          }
         }

         Frame Character1_LeftHandMiddle1 {
          

          FrameTransformMatrix relative {
           0.970740,-0.187617,0.149881,0.000000,0.157210,0.968337,0.193927,0.000000,-0.181520,-0.164690,0.969499,0.000000,0.080696,0.005822,-0.006021,1.000000;;
          }

          ObjectMatrixComment object {
           1.000000,0.000000,0.000000,0.000000,0.000000,1.000000,0.000000,0.000000,-0.000000,0.000000,1.000000,0.000000,0.000000,0.000000,0.000000,1.000000;;
          }

          Frame Character1_LeftHandMiddle2 {
           

           FrameTransformMatrix relative {
            0.302134,-0.087757,0.949217,0.000000,0.122918,0.991027,0.052498,0.000000,-0.945307,0.100814,0.310209,0.000000,0.025063,0.001482,0.003794,1.000000;;
           }

           ObjectMatrixComment object {
            1.000000,0.000000,-0.000000,0.000000,0.000000,1.000000,0.000000,0.000000,0.000000,0.000000,1.000000,0.000000,0.000000,0.000000,0.000000,1.000000;;
           }

           Frame Character1_LeftHandMiddle3 {
            

            FrameTransformMatrix relative {
             -0.015743,-0.245445,0.969282,0.000000,0.254782,0.936418,0.241261,0.000000,-0.966870,0.250754,0.047793,0.000000,0.019431,-0.000068,0.000162,1.000000;;
            }

            ObjectMatrixComment object {
             1.000000,0.000000,0.000000,0.000000,0.000000,1.000000,0.000000,0.000000,0.000000,-0.000000,1.000000,0.000000,0.000000,0.000000,0.000000,1.000000;;
            }

            Frame Character1_LeftHandMiddle4 {
             

             FrameTransformMatrix relative {
              0.997605,0.038834,0.057236,0.000000,0.057155,0.003184,-0.998360,0.000000,-0.038952,0.999240,0.000957,0.000000,0.022014,0.000911,0.000117,1.000000;;
             }

             ObjectMatrixComment object {
              1.000000,0.000000,0.000000,0.000000,-0.000000,1.000000,-0.000000,0.000000,0.000000,0.000000,1.000000,0.000000,0.000000,0.000000,0.000000,1.000000;;
             }
            }
           }
          }
         }

         Frame Character1_LeftHandRing1 {
          

          FrameTransformMatrix relative {
           0.749983,-0.049937,0.659569,0.000000,0.194785,0.969604,-0.148076,0.000000,-0.632127,0.239529,0.736913,0.000000,0.076793,-0.012626,-0.006246,1.000000;;
          }

          ObjectMatrixComment object {
           1.000000,-0.000000,-0.000000,0.000000,0.000000,1.000000,-0.000000,0.000000,0.000000,0.000000,1.000000,0.000000,-0.000000,0.000000,0.000000,1.000000;;
          }

          Frame Character1_LeftHandRing2 {
           

           FrameTransformMatrix relative {
            0.779814,-0.242940,0.576948,0.000000,0.176321,0.969552,0.169937,0.000000,-0.600667,-0.030791,0.798906,0.000000,0.023683,-0.000754,0.001098,1.000000;;
           }

           ObjectMatrixComment object {
            1.000000,-0.000000,-0.000000,0.000000,0.000000,1.000000,0.000000,0.000000,-0.000000,0.000000,1.000000,0.000000,0.000000,0.000000,0.000000,1.000000;;
           }

           Frame Character1_LeftHandRing3 {
            

            FrameTransformMatrix relative {
             -0.417886,-0.257215,0.871327,0.000000,0.493802,0.740735,0.455490,0.000000,-0.762582,0.620606,-0.182529,0.000000,0.015908,0.000167,-0.000861,1.000000;;
            }

            ObjectMatrixComment object {
             1.000000,-0.000000,0.000000,0.000000,-0.000000,1.000000,0.000000,0.000000,0.000000,-0.000000,1.000000,0.000000,0.000000,0.000000,0.000000,1.000000;;
            }

            Frame Character1_LeftHandRing4 {
             

             FrameTransformMatrix relative {
              0.999412,0.005353,-0.033885,0.000000,-0.005127,0.999964,0.006751,0.000000,0.033920,-0.006573,0.999403,0.000000,0.025227,-0.000116,-0.002384,1.000000;;
             }

             ObjectMatrixComment object {
              1.000000,0.000000,0.000000,0.000000,0.000000,1.000000,0.000000,0.000000,-0.000000,0.000000,1.000000,0.000000,-0.000000,0.000000,-0.000000,1.000000;;
             }
            }
           }
          }
         }

         Frame Character1_LeftHandPinky1 {
          

          FrameTransformMatrix relative {
           0.970981,0.066083,0.229845,0.000000,0.036194,0.909392,-0.414362,0.000000,-0.236401,0.410656,0.880611,0.000000,0.065753,-0.027836,-0.002284,1.000000;;
          }

          ObjectMatrixComment object {
           1.000000,0.000000,0.000000,0.000000,-0.000000,1.000000,-0.000000,0.000000,-0.000000,0.000000,1.000000,0.000000,0.000000,-0.000000,-0.000000,1.000000;;
          }

          Frame Character1_LeftHandPinky2 {
           

           FrameTransformMatrix relative {
            0.821042,-0.318740,0.473598,0.000000,0.306598,0.946013,0.105156,0.000000,-0.481547,0.058867,0.874441,0.000000,0.018097,0.000133,-0.000014,1.000000;;
           }

           ObjectMatrixComment object {
            1.000000,0.000000,0.000000,0.000000,0.000000,1.000000,0.000000,0.000000,0.000000,0.000000,1.000000,0.000000,0.000000,0.000000,0.000000,1.000000;;
           }

           Frame Character1_LeftHandPinky3 {
            

            FrameTransformMatrix relative {
             -0.196061,-0.475975,0.857326,0.000000,0.502315,0.702122,0.504682,0.000000,-0.842164,0.529597,0.101431,0.000000,0.013911,0.000003,0.000248,1.000000;;
            }

            ObjectMatrixComment object {
             1.000000,0.000000,0.000000,0.000000,0.000000,1.000000,0.000000,0.000000,0.000000,0.000000,1.000000,0.000000,0.000000,0.000000,0.000000,1.000000;;
            }

            Frame Character1_LeftHandPinky4 {
             

             FrameTransformMatrix relative {
              0.999952,-0.006469,-0.007384,0.000000,0.005734,0.995405,-0.095584,0.000000,0.007968,0.095538,0.995394,0.000000,0.019210,-0.000299,-0.000023,1.000000;;
             }

             ObjectMatrixComment object {
              1.000000,0.000000,-0.000000,0.000000,0.000000,1.000000,-0.000000,0.000000,-0.000000,0.000000,1.000000,0.000000,-0.000000,0.000000,-0.000000,1.000000;;
             }
            }
           }
          }
         }
        }

        Frame J_L_Sode_D00 {
         

         FrameTransformMatrix relative {
          0.982649,-0.135591,0.126556,0.000000,-0.124965,0.020218,0.991956,0.000000,-0.137059,-0.990559,0.002923,0.000000,0.043955,0.002719,0.038988,1.000000;;
         }

         ObjectMatrixComment object {
          1.000000,-0.000000,-0.000000,0.000000,0.000000,1.000000,-0.000000,0.000000,0.000000,0.000000,1.000000,0.000000,-0.000000,0.000000,0.000000,1.000000;;
         }

         Frame J_L_Sode_D01 {
          

          FrameTransformMatrix relative {
           1.000000,-0.000000,-0.000000,0.000000,0.000000,1.000000,-0.000000,0.000000,0.000000,0.000000,1.000000,0.000000,0.144571,-0.000817,-0.007399,1.000000;;
          }

          ObjectMatrixComment object {
           1.000000,-0.000000,0.000000,0.000000,0.000000,1.000000,0.000000,0.000000,0.000000,0.000000,1.000000,0.000000,-0.000000,0.000000,0.000000,1.000000;;
          }
         }
        }

        Frame J_L_Sode_A00 {
         

         FrameTransformMatrix relative {
          0.978224,0.158566,-0.133922,0.000000,-0.173881,0.978419,-0.111634,0.000000,0.113330,0.132489,0.984685,0.000000,0.047045,0.036010,0.001029,1.000000;;
         }

         ObjectMatrixComment object {
          1.000000,-0.000000,0.000000,0.000000,-0.000000,1.000000,0.000000,0.000000,0.000000,0.000000,1.000000,0.000000,0.000000,0.000000,-0.000000,1.000000;;
         }

         Frame J_L_Sode_A01 {
          

          FrameTransformMatrix relative {
           1.000000,-0.000000,0.000000,0.000000,0.000000,-0.066266,-0.997802,0.000000,-0.000000,0.997802,-0.066266,0.000000,0.148251,-0.010895,0.018342,1.000000;;
          }

          ObjectMatrixComment object {
           1.000000,-0.000000,-0.000000,0.000000,0.000000,1.000000,0.000000,0.000000,-0.000000,-0.000000,1.000000,0.000000,0.000000,-0.000000,-0.000000,1.000000;;
          }
         }
        }

        Frame J_L_Sode_B00 {
         

         FrameTransformMatrix relative {
          0.999667,-0.008609,-0.024357,0.000000,-0.023007,0.132109,-0.990969,0.000000,0.011749,0.991198,0.131866,0.000000,0.044251,0.000253,-0.037731,1.000000;;
         }

         ObjectMatrixComment object {
          1.000000,0.000000,0.000000,0.000000,0.000000,1.000000,0.000000,0.000000,0.000000,-0.000000,1.000000,0.000000,0.000000,-0.000000,0.000000,1.000000;;
         }

         Frame J_L_Sode_B01 {
          

          FrameTransformMatrix relative {
           1.000000,0.000000,0.000000,0.000000,0.000000,1.000000,0.000000,0.000000,0.000000,-0.000000,1.000000,0.000000,0.150873,-0.000000,0.000000,1.000000;;
          }

          ObjectMatrixComment object {
           1.000000,-0.000000,0.000000,0.000000,0.000000,1.000000,0.000000,0.000000,0.000000,0.000000,1.000000,0.000000,0.000000,0.000000,0.000000,1.000000;;
          }
         }
        }

        Frame J_L_Sode_C00 {
         

         FrameTransformMatrix relative {
          0.959738,-0.266287,-0.089425,0.000000,-0.268402,-0.963229,-0.012301,0.000000,-0.082861,0.035808,-0.995919,0.000000,0.041390,-0.048910,0.012789,1.000000;;
         }

         ObjectMatrixComment object {
          1.000000,0.000000,0.000000,0.000000,0.000000,1.000000,0.000000,0.000000,0.000000,0.000000,1.000000,0.000000,-0.000000,0.000000,0.000000,1.000000;;
         }

         Frame J_L_Sode_C01 {
          

          FrameTransformMatrix relative {
           1.000000,0.000000,0.000000,0.000000,0.000000,1.000000,0.000000,0.000000,0.000000,0.000000,1.000000,0.000000,0.162879,0.000000,0.000000,1.000000;;
          }

          ObjectMatrixComment object {
           1.000000,-0.000000,0.000000,0.000000,0.000000,1.000000,0.000000,0.000000,0.000000,0.000000,1.000000,0.000000,-0.000000,0.000000,0.000000,1.000000;;
          }
         }
        }
       }
      }
     }

     Frame Character1_RightShoulder {
      

      FrameTransformMatrix relative {
       0.001065,0.014795,-0.999890,0.000000,-0.310479,0.950482,0.013733,0.000000,0.950580,0.310430,0.005606,0.000000,0.122455,-0.000150,-0.041994,1.000000;;
      }

      ObjectMatrixComment object {
       1.000000,0.000000,0.000000,0.000000,-0.000000,1.000000,0.000000,0.000000,0.000000,0.000000,1.000000,0.000000,0.000000,-0.000000,0.000000,1.000000;;
      }

      Frame Character1_RightArm {
       

       FrameTransformMatrix relative {
        0.260714,-0.171701,-0.950025,0.000000,-0.042651,0.981048,-0.189012,0.000000,0.964473,0.089798,0.248450,0.000000,0.055437,-0.000000,-0.000001,1.000000;;
       }

       ObjectMatrixComment object {
        1.000000,-0.000000,0.000000,0.000000,0.000000,1.000000,0.000000,0.000000,-0.000000,0.000000,1.000000,0.000000,0.000000,-0.000000,-0.000000,1.000000;;
       }

       Frame Character1_RightForeArm {
        

        FrameTransformMatrix relative {
         -0.269485,0.951658,0.147390,0.000000,-0.903138,-0.302877,0.304315,0.000000,0.334245,-0.051105,0.941100,0.000000,0.233779,0.000009,-0.000007,1.000000;;
        }

        ObjectMatrixComment object {
         1.000000,0.000000,-0.000000,0.000000,0.000000,1.000000,-0.000000,0.000000,0.000000,0.000000,1.000000,0.000000,-0.000000,-0.000000,-0.000000,1.000000;;
        }

        Frame Character1_RightHand {
         

         FrameTransformMatrix relative {
          0.992895,0.001689,-0.118983,0.000000,-0.045370,0.929742,-0.365406,0.000000,0.110006,0.368208,0.923213,0.000000,0.162480,-0.000000,0.000002,1.000000;;
         }

         ObjectMatrixComment object {
          1.000000,-0.000000,0.000000,0.000000,0.000000,1.000000,-0.000000,0.000000,0.000000,0.000000,1.000000,0.000000,0.000000,0.000000,0.000000,1.000000;;
         }

         Frame Character1_RightHandThumb1 {
          

          FrameTransformMatrix relative {
           0.871008,0.490678,0.024098,0.000000,-0.282561,0.460245,0.841626,0.000000,0.401876,-0.739872,0.539524,0.000000,0.026339,0.020861,-0.004527,1.000000;;
          }

          ObjectMatrixComment object {
           1.000000,0.000000,-0.000000,0.000000,0.000000,1.000000,0.000000,0.000000,-0.000000,-0.000000,1.000000,0.000000,-0.000000,-0.000000,0.000000,1.000000;;
          }

          Frame Character1_RightHandThumb2 {
           

           FrameTransformMatrix relative {
            0.927770,-0.163390,0.335480,0.000000,0.137879,0.985520,0.098679,0.000000,-0.346746,-0.045296,0.936865,0.000000,0.032030,0.001128,0.000602,1.000000;;
           }

           ObjectMatrixComment object {
            1.000000,-0.000000,0.000000,0.000000,0.000000,1.000000,0.000000,0.000000,0.000000,-0.000000,1.000000,0.000000,-0.000000,0.000000,0.000000,1.000000;;
           }

           Frame Character1_RightHandThumb3 {
            

            FrameTransformMatrix relative {
             0.845094,-0.186497,0.501034,0.000000,0.175455,0.982025,0.069594,0.000000,-0.505006,0.029095,0.862625,0.000000,0.017586,0.000511,0.000152,1.000000;;
            }

            ObjectMatrixComment object {
             1.000000,0.000000,0.000000,0.000000,-0.000000,1.000000,0.000000,0.000000,0.000000,0.000000,1.000000,0.000000,-0.000000,-0.000000,0.000000,1.000000;;
            }

            Frame Character1_RightHandThumb4 {
             

             FrameTransformMatrix relative {
              0.989953,0.140061,-0.019421,0.000000,-0.133664,0.971727,0.194627,0.000000,0.046132,-0.190076,0.980685,0.000000,0.026288,0.001588,-0.000030,1.000000;;
             }

             ObjectMatrixComment object {
              1.000000,0.000000,-0.000000,0.000000,-0.000000,1.000000,-0.000000,0.000000,0.000000,-0.000000,1.000000,0.000000,-0.000000,0.000000,0.000000,1.000000;;
             }
            }
           }
          }
         }

         Frame Character1_RightHandIndex1 {
          

          FrameTransformMatrix relative {
           0.979732,-0.140268,-0.143003,0.000000,-0.142947,-0.989693,-0.008583,0.000000,-0.140325,0.028851,-0.989685,0.000000,0.077459,0.024774,0.023877,1.000000;;
          }

          ObjectMatrixComment object {
           1.000000,-0.000000,0.000000,0.000000,0.000000,1.000000,0.000000,0.000000,0.000000,0.000000,1.000000,0.000000,-0.000000,0.000000,-0.000000,1.000000;;
          }

          Frame Character1_RightHandIndex2 {
           

           FrameTransformMatrix relative {
            0.529984,0.122133,0.839166,0.000000,-0.096997,0.991810,-0.083090,0.000000,-0.842441,-0.037360,0.537490,0.000000,0.024233,-0.002230,-0.002009,1.000000;;
           }

           ObjectMatrixComment object {
            1.000000,0.000000,-0.000000,0.000000,0.000000,1.000000,0.000000,0.000000,0.000000,0.000000,1.000000,0.000000,0.000000,-0.000000,0.000000,1.000000;;
           }

           Frame Character1_RightHandIndex3 {
            

            FrameTransformMatrix relative {
             0.283147,0.177875,0.942437,0.000000,-0.093432,0.983093,-0.157478,0.000000,-0.954515,-0.043465,0.294980,0.000000,0.015886,0.000001,-0.002642,1.000000;;
            }

            ObjectMatrixComment object {
             1.000000,0.000000,0.000000,0.000000,-0.000000,1.000000,0.000000,0.000000,-0.000000,-0.000000,1.000000,0.000000,0.000000,0.000000,0.000000,1.000000;;
            }

            Frame Character1_RightHandIndex4 {
             

             FrameTransformMatrix relative {
              0.974053,0.015786,-0.225766,0.000000,0.012367,0.992361,0.122744,0.000000,0.225979,-0.122352,0.966418,0.000000,0.021075,-0.000704,-0.003254,1.000000;;
             }

             ObjectMatrixComment object {
              1.000000,0.000000,0.000000,0.000000,0.000000,1.000000,-0.000000,0.000000,0.000000,-0.000000,1.000000,0.000000,0.000000,0.000000,0.000000,1.000000;;
             }
            }
           }
          }
         }

         Frame Character1_RightHandMiddle1 {
          

          FrameTransformMatrix relative {
           0.963027,0.102182,-0.249275,0.000000,0.019390,-0.949169,-0.314171,0.000000,-0.268706,0.297721,-0.916056,0.000000,0.077341,0.004360,0.024111,1.000000;;
          }

          ObjectMatrixComment object {
           1.000000,0.000000,0.000000,0.000000,-0.000000,1.000000,0.000000,0.000000,0.000000,0.000000,1.000000,0.000000,-0.000000,-0.000000,-0.000000,1.000000;;
          }

          Frame Character1_RightHandMiddle2 {
           

           FrameTransformMatrix relative {
            0.421375,0.158336,0.892958,0.000000,-0.096901,0.986865,-0.129261,0.000000,-0.901695,-0.032061,0.431183,0.000000,0.025355,-0.000680,0.001169,1.000000;;
           }

           ObjectMatrixComment object {
            1.000000,-0.000000,0.000000,0.000000,-0.000000,1.000000,0.000000,0.000000,0.000000,0.000000,1.000000,0.000000,0.000000,0.000000,-0.000000,1.000000;;
           }

           Frame Character1_RightHandMiddle3 {
            

            FrameTransformMatrix relative {
             -0.023173,0.135460,0.990512,0.000000,-0.122901,0.982877,-0.137292,0.000000,-0.992149,-0.124916,-0.006128,0.000000,0.019416,-0.000417,-0.000705,1.000000;;
            }

            ObjectMatrixComment object {
             1.000000,-0.000000,0.000000,0.000000,0.000000,1.000000,-0.000000,0.000000,-0.000000,-0.000000,1.000000,0.000000,-0.000000,0.000000,0.000000,1.000000;;
            }

            Frame Character1_RightHandMiddle4 {
             

             FrameTransformMatrix relative {
              0.991161,0.019439,-0.131237,0.000000,-0.013006,0.998680,0.049693,0.000000,0.132029,-0.047547,0.990105,0.000000,0.021438,-0.000471,-0.005067,1.000000;;
             }

             ObjectMatrixComment object {
              1.000000,-0.000000,-0.000000,0.000000,0.000000,1.000000,0.000000,0.000000,-0.000000,-0.000000,1.000000,0.000000,-0.000000,0.000000,0.000000,1.000000;;
             }
            }
           }
          }
         }

         Frame Character1_RightHandRing1 {
          

          FrameTransformMatrix relative {
           0.759650,0.310447,-0.571450,0.000000,-0.047073,-0.850151,-0.524431,0.000000,-0.648627,0.425284,-0.631203,0.000000,0.074304,-0.013711,0.019656,1.000000;;
          }

          ObjectMatrixComment object {
           1.000000,0.000000,0.000000,0.000000,0.000000,1.000000,0.000000,0.000000,-0.000000,0.000000,1.000000,0.000000,-0.000000,0.000000,-0.000000,1.000000;;
          }

          Frame Character1_RightHandRing2 {
           

           FrameTransformMatrix relative {
            0.924617,0.262675,0.275836,0.000000,-0.228506,0.961910,-0.150049,0.000000,-0.304744,0.075708,0.949421,0.000000,0.023458,-0.000008,-0.003508,1.000000;;
           }

           ObjectMatrixComment object {
            1.000000,0.000000,0.000000,0.000000,0.000000,1.000000,0.000000,0.000000,0.000000,-0.000000,1.000000,0.000000,-0.000000,0.000000,-0.000000,1.000000;;
           }

           Frame Character1_RightHandRing3 {
            

            FrameTransformMatrix relative {
             -0.185651,0.378472,0.906804,0.000000,-0.311477,0.852588,-0.419613,0.000000,-0.931942,-0.360350,-0.040399,0.000000,0.015894,-0.001033,0.000378,1.000000;;
            }

            ObjectMatrixComment object {
             1.000000,0.000000,-0.000000,0.000000,0.000000,1.000000,-0.000000,0.000000,-0.000000,0.000000,1.000000,0.000000,-0.000000,0.000000,-0.000000,1.000000;;
            }

            Frame Character1_RightHandRing4 {
             

             FrameTransformMatrix relative {
              0.996238,0.007532,-0.086329,0.000000,-0.005353,0.999662,0.025437,0.000000,0.086492,-0.024879,0.995942,0.000000,0.025126,-0.000035,-0.003274,1.000000;;
             }

             ObjectMatrixComment object {
              1.000000,0.000000,0.000000,0.000000,0.000000,1.000000,0.000000,0.000000,0.000000,0.000000,1.000000,0.000000,0.000000,0.000000,0.000000,1.000000;;
             }
            }
           }
          }
         }

         Frame Character1_RightHandPinky1 {
          

          FrameTransformMatrix relative {
           0.979256,0.136324,0.149916,0.000000,0.201633,-0.582265,-0.787599,0.000000,-0.020078,0.801488,-0.597673,0.000000,0.065019,-0.027722,0.010366,1.000000;;
          }

          ObjectMatrixComment object {
           1.000000,0.000000,0.000000,0.000000,0.000000,1.000000,0.000000,0.000000,-0.000000,-0.000000,1.000000,0.000000,0.000000,0.000000,-0.000000,1.000000;;
          }

          Frame Character1_RightHandPinky2 {
           

           FrameTransformMatrix relative {
            0.840947,0.319982,0.436372,0.000000,-0.345207,0.938251,-0.022739,0.000000,-0.416703,-0.131517,0.899479,0.000000,0.018098,-0.000144,-0.000053,1.000000;;
           }

           ObjectMatrixComment object {
            1.000000,-0.000000,0.000000,0.000000,0.000000,1.000000,0.000000,0.000000,0.000000,0.000000,1.000000,0.000000,0.000000,0.000000,-0.000000,1.000000;;
           }

           Frame Character1_RightHandPinky3 {
            

            FrameTransformMatrix relative {
             -0.253373,0.560415,0.788503,0.000000,-0.614378,0.536384,-0.578646,0.000000,-0.747223,-0.631052,0.208401,0.000000,0.013886,0.000267,0.000828,1.000000;;
            }

            ObjectMatrixComment object {
             1.000000,0.000000,-0.000000,0.000000,0.000000,1.000000,0.000000,0.000000,0.000000,0.000000,1.000000,0.000000,-0.000000,0.000000,0.000000,1.000000;;
            }

            Frame Character1_RightHandPinky4 {
             

             FrameTransformMatrix relative {
              0.999236,0.035173,-0.017002,0.000000,-0.035642,0.998969,-0.028116,0.000000,0.015996,0.028701,0.999459,0.000000,0.019203,0.000519,-0.000250,1.000000;;
             }

             ObjectMatrixComment object {
              1.000000,0.000000,0.000000,0.000000,0.000000,1.000000,-0.000000,0.000000,-0.000000,-0.000000,1.000000,0.000000,-0.000000,-0.000000,0.000000,1.000000;;
             }
            }
           }
          }
         }
        }

        Frame J_R_Sode_A00 {
         

         FrameTransformMatrix relative {
          0.981363,0.186156,0.047664,0.000000,-0.186959,0.982283,0.012944,0.000000,-0.044410,-0.021614,0.998780,0.000000,0.047043,0.036011,-0.001030,1.000000;;
         }

         ObjectMatrixComment object {
          1.000000,0.000000,0.000000,0.000000,-0.000000,1.000000,0.000000,0.000000,0.000000,-0.000000,1.000000,0.000000,0.000000,0.000000,0.000000,1.000000;;
         }

         Frame J_R_Sode_A01 {
          

          FrameTransformMatrix relative {
           1.000000,0.000000,0.000000,0.000000,-0.000000,1.000000,0.000000,0.000000,0.000000,-0.000000,1.000000,0.000000,0.149008,-0.013332,0.007245,1.000000;;
          }

          ObjectMatrixComment object {
           1.000000,0.000000,0.000000,0.000000,-0.000000,1.000000,0.000000,0.000000,0.000000,-0.000000,1.000000,0.000000,-0.000000,0.000000,0.000000,1.000000;;
          }
         }
        }

        Frame J_R_Sode_B00 {
         

         FrameTransformMatrix relative {
          0.956264,-0.126278,0.263842,0.000000,-0.265909,0.000514,0.963999,0.000000,-0.121868,-0.991995,-0.033087,0.000000,0.044250,0.000253,0.037730,1.000000;;
         }

         ObjectMatrixComment object {
          1.000000,0.000000,0.000000,0.000000,0.000000,1.000000,0.000000,0.000000,0.000000,0.000000,1.000000,0.000000,0.000000,0.000000,-0.000000,1.000000;;
         }

         Frame J_R_Sode_B01 {
          

          FrameTransformMatrix relative {
           1.000000,0.000000,0.000000,0.000000,0.000000,1.000000,0.000000,0.000000,0.000000,0.000000,1.000000,0.000000,0.150671,-0.007812,-0.000000,1.000000;;
          }

          ObjectMatrixComment object {
           1.000000,0.000000,0.000000,0.000000,0.000000,1.000000,0.000000,0.000000,0.000000,0.000000,1.000000,0.000000,0.000000,0.000000,-0.000000,1.000000;;
          }
         }
        }

        Frame J_R_Sode_D00 {
         

         FrameTransformMatrix relative {
          0.996423,-0.083601,0.012354,0.000000,-0.001514,-0.163827,-0.986489,0.000000,0.084495,0.982941,-0.163367,0.000000,0.043954,0.002708,-0.038982,1.000000;;
         }

         ObjectMatrixComment object {
          1.000000,0.000000,0.000000,0.000000,0.000000,1.000000,-0.000000,0.000000,0.000000,-0.000000,1.000000,0.000000,0.000000,0.000000,0.000000,1.000000;;
         }

         Frame J_R_Sode_D01 {
          

          FrameTransformMatrix relative {
           1.000000,0.000000,0.000000,0.000000,0.000000,1.000000,-0.000000,0.000000,0.000000,0.000000,1.000000,0.000000,0.144763,0.000000,0.000000,1.000000;;
          }

          ObjectMatrixComment object {
           1.000000,0.000000,0.000000,0.000000,0.000000,1.000000,0.000000,0.000000,0.000000,-0.000000,1.000000,0.000000,-0.000000,0.000000,-0.000000,1.000000;;
          }
         }
        }

        Frame J_R_Sode_C00 {
         

         FrameTransformMatrix relative {
          0.920766,-0.252799,0.297125,0.000000,-0.268426,-0.963223,0.012302,0.000000,0.283087,-0.091083,-0.954760,0.000000,0.041388,-0.048912,-0.012787,1.000000;;
         }

         ObjectMatrixComment object {
          1.000000,0.000000,-0.000000,0.000000,0.000000,1.000000,0.000000,0.000000,-0.000000,0.000000,1.000000,0.000000,0.000000,0.000000,0.000000,1.000000;;
         }

         Frame J_R_Sode_C01 {
          

          FrameTransformMatrix relative {
           1.000000,0.000000,-0.000000,0.000000,0.000000,1.000000,0.000000,0.000000,-0.000000,0.000000,1.000000,0.000000,0.162879,0.000000,0.000000,1.000000;;
          }

          ObjectMatrixComment object {
           1.000000,0.000000,-0.000000,0.000000,0.000000,1.000000,0.000000,0.000000,-0.000000,0.000000,1.000000,0.000000,0.000000,0.000000,0.000000,1.000000;;
          }
         }
        }
       }
      }
     }

     Frame Character1_Neck {
      

      FrameTransformMatrix relative {
